1248600
1258154
1258170
1258154
1258170
1258154
1258170
1258154
1258170
1290250
1290280
1290300
1290340
1290360
1290380
1290470
1290520
1290521
1290530
1290250
1290280
1290300
1290340
1290360
1290380
1290470
1290480
1290520
1290521
1290530
1290531
1290532
1290580
1290590
1290630
1290250
1290280
1290300
1290340
1290360
1290380
1290470
1290250
1290280
1290300
1290340
1290360
1290380
1290470
1290520
1290521
1290530
1290531
1290532
1290580
1290590
1290630
1290250
1290280
1290250
1290280
1290300
1290340
1290360
1290380
1290470
1290520
1290521
1290530
1290531
1290532
1290580
1290590
1290630
1290250
1290280
1290300
1290340
1290360
1290380
1290470
1290520
1290521
1290530
1290531
1290532
1290580
1290590
1290630
1290660
1290690
1290700
1289760
1289910
1289950
1290020
1290030
1290250
1290280
1290300
1290340
1290360
1290380
1290470
1290520
1290521
1290530
1290531
1290532
1290580
1290590
1290630
1290660
1290690
1290700
1289760
1290250
1290280
1290300
1290340
1290360
1290380
1290470
1290520
1290521
1290530
1290531
1290532
1290580
1290590
1290630
1290660
1290690
1290700
1289760
1290250
1290280
1290300
1290340
1290250
1290280
1290300
1290340
1290360
1290380
1290470
1290520
1290521
1290530
1290531
1290532
1290580
1290590
1290630
1290660
1290690
1290700
1289760
1807780
1807790
1807880
1808070
1808090
1807780
1807790
1807880
1808070
1808090
1807780
1807790
1807880
1808070
1808090
1807740
1807780
1807790
1807880
1808070
1808090
1807780
1807790
1807880
1808070
1808090
1807780
1807790
1807880
1807780
1807790
1807880
1808070
1808090
1806870
1806890
1807010
1807030
1807040
1807050
1807060
1807110
1807170
1806260
1806280
1806300
1805890
1805900
1806140
1806141
1806143
1806144
1806145
1806146
1806147
1806148
1806149
1806150
1806151
1806152
1806153
1806154
1806155
1806156
1806157
1806158
1806159
1806170
1806180
1805430
1805440
1805450
1805460
1805850
1805860
1805870
1805880
1805010
1805290
1805330
1805350
1804660
1804670
1804680
1804700
1804790
1804880
1804560
1803750
1803790
1803940
1804030
1804160
1803730
1600400
1599482
1599483
1599484
1599485
1599486
1599750
1599770
1599790
1599800
1599840
1599030
1599040
1599070
1599100
1599140
1599180
1599260
1599290
1599310
1599350
1599480
1599481
1598610
1598800
1598900
1598980
1598990
1599010
1598240
1598241
1598242
1598243
1598244
1598245
1598246
1598247
1598310
1598330
1598340
1590580
1590590
1590711
1590713
1590780
1590830
1590860
