216938
216938
660010
660130
1118314
216938
660010
660130
1118314
216938
660010
660130
1118314
216938
660010
660130
1118314
216938
660010
660130
1118314
216938
660010
660130
1118314
216938
660010
660130
1118314
216938
660010
660130
1118314
216938
660010
660130
1118314
1275822
216938
660010
660130
1118314
1275822
216938
660010
660130
1118314
1275822
216938
660010
660130
1118314
1275822
216938
660010
660130
1118314
1275822
1476030
216938
660010
660130
1118314
1275822
1476030
216938
660010
660130
1118314
1275822
1476030
216938
660010
660130
1118314
1275822
1476030
216938
660010
660130
1118314
1275822
1476030
1828741
216938
660010
660130
1118314
1275822
1343832
662172
662172
662172
662172
662172
662172
1785360
1785610
1784830
1785050
1785140
1782780
1782790
1782810
1782820
1782830
1782850
1782860
1782880
1782890
1782940
1782950
1782970
1782980
1783000
1783010
1783030
1783040
1783050
1783060
1782320
1782340
1782360
1782370
1782390
1782400
1782401
1782402
1782403
1782404
1782405
1782406
1782407
1782410
1782420
1782430
1782431
1782432
1782433
1782434
1782435
1782436
1782440
1782450
1782451
1782480
1782490
1782491
1782492
1782493
1782494
1782495
1782496
1782497
1782498
1782499
1782500
1782501
1782502
1782520
1782530
1782531
1782540
1782550
1781910
1781920
1781930
1781980
1782000
1782020
1782030
1782050
1782060
1782070
1782080
1782120
1782130
1782140
1782150
1782170
1782190
1782210
1782220
1782230
1782240
1782260
1782270
1782280
1782310
1781380
1781400
1781410
1781420
1781430
1781440
1781490
1781500
1781510
1781520
1781570
1781580
1781680
