1248590
1258060
1258070
1258090
1258140
1258190
1258200
1258220
1258060
1258070
1258090
1258140
1258190
1258200
1258220
1258060
1258070
1258090
1258140
1258190
1258200
1258220
1258060
1258070
1258090
1258140
1258190
1258200
1258220
1290260
1290270
1290290
1290350
1290390
1290460
1290480
1290510
1290260
1290270
1290290
1290350
1290390
1290460
1290510
1290550
1290620
1290260
1290270
1290290
1290350
1290390
1290460
1290480
1290260
1290270
1290290
1290350
1290390
1290460
1290480
1290510
1290550
1290620
1290260
1290270
1290260
1290270
1290290
1290350
1290390
1290460
1290480
1290510
1290550
1290620
1290260
1290270
1290290
1290350
1290390
1290460
1290480
1290510
1290550
1290620
1290650
1290670
1290680
1289770
1289780
1289850
1289890
1289900
1289960
1290010
1290040
1290260
1290270
1290290
1290350
1290390
1290460
1290480
1290510
1290550
1290620
1290650
1290670
1290680
1289770
1289780
1289850
1290260
1290270
1290290
1290350
1290390
1290460
1290480
1290510
1290550
1290620
1290650
1290670
1290680
1289770
1289780
1289850
1290260
1290270
1290290
1290260
1290270
1290290
1290350
1290390
1290460
1290480
1290510
1290550
1290620
1290650
1290670
1290680
1289770
1289780
1289850
1807640
1807740
1807920
1807950
1807240
1807250
1807260
1807640
1807740
1807920
1807950
1807640
1807740
1807920
1807950
1807240
1807250
1807260
1807640
1807920
1807950
1807240
1807250
1807260
1807640
1807740
1807920
1807950
1807240
1807250
1807260
1807640
1807740
1807920
1807640
1807740
1807920
1807950
1807240
1807250
1807260
1807280
1807410
1807550
1806920
1806970
1807000
1807080
1807090
1807150
1807210
1806340
1805920
1805980
1806190
1805400
1805470
1805510
1805550
1805560
1805590
1805610
1805740
1805750
1805770
1805790
1805810
1805020
1805100
1805130
1805140
1805210
1805220
1805340
1804610
1804630
1804730
1804780
1804820
1804860
1804870
1804890
1804900
1804970
1804990
1804270
1804320
1804340
1804370
1804380
1804420
1804450
1804500
1804520
1804580
1803820
1803870
1804130
1804170
1803290
1600070
1600080
1600090
1600100
1600130
1600140
1600160
1600170
1600180
1600190
1600200
1600210
1600230
1600240
1600250
1600260
1600280
1600320
1600330
1600350
1600360
1600420
1599490
1599510
1599520
1599540
1599600
1599610
1599650
1599670
1599680
1599690
1599700
1599710
1599760
1599780
1599830
1599850
1599860
1599920
1599110
1599150
1599160
1599170
1599220
1599230
1599270
1599280
1599300
1599390
1599430
1599450
1599470
1598540
1598560
1598580
1598590
1598600
1598630
1598650
1598710
1598750
1598760
1598780
1598810
1598840
1598880
1598910
1598920
1598930
1598970
1599000
1599020
1598150
1598180
1598190
1598210
1598220
1598350
1591480
1591490
1591500
1590570
1590640
1590660
1590670
1590680
1590700
1590720
1590730
1590760
1590770
1590790
1590840
1590850
1590870
1590890
